"","id","Time","y","trap_x","trap_y"
"1",1,0.012,7,315.3137707,4957.692715
"2",1,1.848,6,316.0801117,4957.340593
"3",1,2.556,7,315.3137707,4957.692715
"4",1,4.74,7,315.3137707,4957.692715
"5",1,5.22,7,315.3137707,4957.692715
"6",1,5.976,11,314.0894421,4958.368323
"7",1,7.236,17,315.0650446,4960.615981
"8",1,7.464,17,315.0650446,4960.615981
"9",1,7.872,16,315.0902677,4959.840363
"10",1,8.808,11,314.0894421,4958.368323
"11",1,9.276,11,314.0894421,4958.368323
"12",1,10.164,10,314.8909447,4958.141775
"13",1,10.8,6,316.0801117,4957.340593
"14",1,11.304,8,316.4055146,4958.194015
"15",1,11.532,9,316.3371783,4958.853002
"16",2,0.648,16,315.0902677,4959.840363
"17",2,1.452,6,316.0801117,4957.340593
"18",2,1.524,6,316.0801117,4957.340593
"19",2,2.184,7,315.3137707,4957.692715
"20",2,3.816,5,316.8925282,4957.212938
"21",2,4.476,6,316.0801117,4957.340593
"22",2,6.276,17,315.0650446,4960.615981
"23",2,6.888,16,315.0902677,4959.840363
"24",2,7.152,16,315.0902677,4959.840363
"25",2,7.584,16,315.0902677,4959.840363
"26",2,10.968,7,315.3137707,4957.692715
"27",2,11.724,7,315.3137707,4957.692715
"28",3,0.888,4,317.0375998,4956.183801
"29",3,3.228,4,317.0375998,4956.183801
"30",3,3.636,4,317.0375998,4956.183801
"31",3,4.98,4,317.0375998,4956.183801
"32",3,5.088,4,317.0375998,4956.183801
"33",3,5.652,5,316.8925282,4957.212938
"34",3,5.928,5,316.8925282,4957.212938
"35",3,5.988,5,316.8925282,4957.212938
"36",3,6.252,6,316.0801117,4957.340593
"37",3,6.756,6,316.0801117,4957.340593
"38",3,7.428,9,316.3371783,4958.853002
"39",3,8.556,9,316.3371783,4958.853002
"40",3,9.072,5,316.8925282,4957.212938
"41",3,9.288,6,316.0801117,4957.340593
"42",3,10.26,6,316.0801117,4957.340593
"43",4,6.096,13,316.7700121,4959.866798
"44",4,6.36,13,316.7700121,4959.866798
"45",4,8.676,9,316.3371783,4958.853002
"46",4,9.132,13,316.7700121,4959.866798
"47",5,1.572,1,316.8031285,4953.510092
"48",5,3.744,4,317.0375998,4956.183801
"49",5,4.368,3,316.9164158,4954.428493
"50",5,4.968,2,315.8918476,4954.078576
"51",5,5.964,2,315.8918476,4954.078576
"52",5,6.468,1,316.8031285,4953.510092
"53",5,7.548,2,315.8918476,4954.078576
"54",5,10.02,2,315.8918476,4954.078576
"55",6,0.636,15,317.0926964,4960.631385
"56",6,1.728,15,317.0926964,4960.631385
"57",6,2.088,13,316.7700121,4959.866798
"58",6,3.336,15,317.0926964,4960.631385
"59",6,8.952,14,316.3435986,4960.742779
"60",6,9.528,14,316.3435986,4960.742779
"61",6,9.876,15,317.0926964,4960.631385
"62",6,10.332,15,317.0926964,4960.631385
"63",6,10.632,15,317.0926964,4960.631385
"64",6,11.352,14,316.3435986,4960.742779
"65",7,2.868,27,316.1590679,4965.364036
"66",7,5.232,27,316.1590679,4965.364036
"67",7,5.652,27,316.1590679,4965.364036
"68",7,6.984,29,315.8492798,4966.97829
"69",7,10.836,27,316.1590679,4965.364036
"70",8,1.992,28,315.7517804,4966.061661
"71",8,2.736,28,315.7517804,4966.061661
"72",8,3.012,28,315.7517804,4966.061661
"73",8,4.548,27,316.1590679,4965.364036
"74",8,5.52,27,316.1590679,4965.364036
"75",8,6.12,26,317.2170623,4964.725719
"76",8,8.256,28,315.7517804,4966.061661
"77",8,10.596,25,315.7417039,4964.330942
"78",8,11.388,23,315.01862,4962.580681
"79",9,1.344,22,314.5246087,4962.195791
"80",9,2.304,23,315.01862,4962.580681
"81",9,4.344,23,315.01862,4962.580681
"82",9,4.908,25,315.7417039,4964.330942
"83",9,6.024,20,316.599895,4962.787744
"84",9,6.288,20,316.599895,4962.787744
"85",9,6.444,20,316.599895,4962.787744
"86",9,7.98,20,316.599895,4962.787744
"87",9,8.508,19,317.0879008,4961.576498
"88",9,9.996,21,316.9728466,4963.375232
"89",10,2.268,3,316.9164158,4954.428493
"90",10,3.12,3,316.9164158,4954.428493
"91",10,4.584,3,316.9164158,4954.428493
"92",10,10.404,1,316.8031285,4953.510092
"93",11,0.096,6,316.0801117,4957.340593
"94",11,0.312,7,315.3137707,4957.692715
"95",11,0.672,6,316.0801117,4957.340593
"96",11,1.848,10,314.8909447,4958.141775
"97",11,2.988,8,316.4055146,4958.194015
"98",11,3.18,8,316.4055146,4958.194015
"99",11,3.768,5,316.8925282,4957.212938
"100",11,4.284,8,316.4055146,4958.194015
"101",11,6.252,10,314.8909447,4958.141775
"102",11,6.972,16,315.0902677,4959.840363
"103",11,8.064,5,316.8925282,4957.212938
"104",12,2.676,24,314.6555012,4963.165922
"105",12,3.264,22,314.5246087,4962.195791
"106",12,3.528,23,315.01862,4962.580681
"107",12,7.38,22,314.5246087,4962.195791
"108",12,7.728,18,314.642696,4961.348558
"109",12,8.04,18,314.642696,4961.348558
"110",12,8.268,22,314.5246087,4962.195791
"111",12,11.616,23,315.01862,4962.580681
"112",13,2.136,9,316.3371783,4958.853002
"113",13,2.4,9,316.3371783,4958.853002
"114",13,2.784,8,316.4055146,4958.194015
"115",13,3.396,9,316.3371783,4958.853002
"116",13,8.592,4,317.0375998,4956.183801
"117",13,10.668,6,316.0801117,4957.340593
"118",13,10.8,6,316.0801117,4957.340593
"119",13,10.968,6,316.0801117,4957.340593
"120",13,11.196,5,316.8925282,4957.212938
"121",14,1.44,28,315.7517804,4966.061661
"122",14,2.784,28,315.7517804,4966.061661
"123",14,6.072,28,315.7517804,4966.061661
"124",14,7.812,29,315.8492798,4966.97829
"125",14,10.728,29,315.8492798,4966.97829
"126",14,10.932,29,315.8492798,4966.97829
"127",14,11.052,29,315.8492798,4966.97829
"128",15,0.012,12,314.5844068,4959.325723
"129",15,1.152,16,315.0902677,4959.840363
"130",15,1.86,12,314.5844068,4959.325723
"131",15,3.348,12,314.5844068,4959.325723
"132",15,4.104,16,315.0902677,4959.840363
"133",15,4.488,9,316.3371783,4958.853002
"134",15,4.692,16,315.0902677,4959.840363
"135",15,7.476,18,314.642696,4961.348558
"136",15,8.52,9,316.3371783,4958.853002
"137",15,8.904,8,316.4055146,4958.194015
"138",15,9.012,10,314.8909447,4958.141775
"139",15,9.708,11,314.0894421,4958.368323
"140",15,11.22,12,314.5844068,4959.325723
"141",15,11.76,16,315.0902677,4959.840363
"142",16,5.112,24,314.6555012,4963.165922
"143",16,5.94,22,314.5246087,4962.195791
"144",16,5.988,22,314.5246087,4962.195791
"145",16,6.132,22,314.5246087,4962.195791
"146",16,8.232,22,314.5246087,4962.195791
"147",16,9.684,22,314.5246087,4962.195791
"148",16,9.912,23,315.01862,4962.580681
"149",16,10.212,24,314.6555012,4963.165922
"150",16,10.548,23,315.01862,4962.580681
"151",16,10.704,22,314.5246087,4962.195791
"152",16,11.304,22,314.5246087,4962.195791
"153",16,11.892,22,314.5246087,4962.195791
"154",17,0.372,19,317.0879008,4961.576498
"155",17,1.476,14,316.3435986,4960.742779
"156",17,1.956,15,317.0926964,4960.631385
"157",17,2.4,19,317.0879008,4961.576498
"158",17,4.368,12,314.5844068,4959.325723
"159",17,4.572,9,316.3371783,4958.853002
"160",17,5.136,15,317.0926964,4960.631385
"161",17,5.328,19,317.0879008,4961.576498
"162",17,5.388,19,317.0879008,4961.576498
"163",17,5.628,19,317.0879008,4961.576498
"164",17,6.18,19,317.0879008,4961.576498
"165",17,6.6,19,317.0879008,4961.576498
"166",17,8.28,13,316.7700121,4959.866798
"167",17,9.132,9,316.3371783,4958.853002
"168",17,9.156,9,316.3371783,4958.853002
"169",17,9.372,9,316.3371783,4958.853002
"170",17,11.292,8,316.4055146,4958.194015
"171",18,0.084,7,315.3137707,4957.692715
"172",18,0.216,6,316.0801117,4957.340593
"173",18,4.968,9,316.3371783,4958.853002
"174",18,5.304,8,316.4055146,4958.194015
"175",18,6.384,8,316.4055146,4958.194015
"176",18,6.864,8,316.4055146,4958.194015
"177",18,7.068,6,316.0801117,4957.340593
"178",18,8.376,8,316.4055146,4958.194015
"179",18,9.444,5,316.8925282,4957.212938
"180",18,10.848,5,316.8925282,4957.212938
"181",19,2.232,10,314.8909447,4958.141775
"182",19,3.636,10,314.8909447,4958.141775
"183",19,4.512,12,314.5844068,4959.325723
"184",19,5.124,11,314.0894421,4958.368323
"185",19,5.652,10,314.8909447,4958.141775
"186",19,6.012,11,314.0894421,4958.368323
"187",19,7.488,11,314.0894421,4958.368323
"188",19,7.776,7,315.3137707,4957.692715
"189",19,8.508,11,314.0894421,4958.368323
"190",20,0.6,30,316.6551861,4967.219822
"191",20,4.92,28,315.7517804,4966.061661
"192",20,5.112,29,315.8492798,4966.97829
"193",20,6.804,28,315.7517804,4966.061661
"194",20,6.9,28,315.7517804,4966.061661
"195",20,7.896,29,315.8492798,4966.97829
"196",20,9.516,28,315.7517804,4966.061661
"197",20,10.932,29,315.8492798,4966.97829
"198",20,10.992,29,315.8492798,4966.97829
"199",20,11.808,29,315.8492798,4966.97829
